58 16 49 82 68 5 11 48 0
98 64 88 9 51 48 81 27 79 53 43 71 80
17 9 63 51 8 99 32 69 21 99 50 61
27 33 97 27 13 33 74 60 96 83 82 59 54
48 67 54 44 80 91 97
54 97 84 30 8 79 16
72 42 10 13 61 30 14 54
99 10 92 6 76 37 48 11 79 71 43 49
51 92 40 91 40 79 49 69 58 58 2 89 29 93
0 35 56 82 43 62 6 64 93 91 72 19 2
84 27 87 76 38 75 0
69 12 16 84 51 87 5 93 81 14 29
49 56 7 45 18 23 24 24 13 8 12 35 76 45
73 86 44 34 90
71 79 46 96 10 91
26 67 45 66 21
58 72 21 93 20 20 11 26 3 43
88 81 82 84 55 90 61
22 83 58 96 81 44 9 33 73 15 33
32 38 35 21 52 98 36 78 75 77
