0 5 11 16 48 49 58 68 82
9 27 43 48 51 53 64 71 79 80 81 88 98
8 9 17 21 32 50 51 61 63 69 99 99
13 27 27 33 33 54 59 60 74 82 83 96 97
44 48 54 67 80 91 97
8 16 30 54 79 84 97
10 13 14 30 42 54 61 72
6 10 11 37 43 48 49 71 76 79 92 99
2 29 40 40 49 51 58 58 69 79 89 91 92 93
0 2 6 19 35 43 56 62 64 72 82 91 93
0 27 38 75 76 84 87
5 12 14 16 29 51 69 81 84 87 93
7 8 12 13 18 23 24 24 35 45 45 49 56 76
34 44 73 86 90
10 46 71 79 91 96
21 26 45 66 67
3 11 20 20 21 26 43 58 72 93
55 61 81 82 84 88 90
9 15 22 33 33 44 58 73 81 83 96
21 32 35 36 38 52 75 77 78 98
